40960
49157
40966
49158
49159
40967
49160
40970
40971
40972
40974
16399
16400
40986
49182
40991
49183
49184
32805
16422
38
39
16423
41001
41004
49198
57391
57392
57393
57396
41013
41014
32824
41016
41017
32825
32826
69
57413
16455
57415
57416
57417
57418
57419
41036
57420
57421
41038
41041
57426
41045
41048
41049
16481
49250
49251
41059
41060
41065
41067
41074
41080
41081
16506
16509
16510
16511
41091
57480
57481
16521
41098
41101
41103
41108
32917
41110
57496
49305
57497
155
156
49312
41121
57507
16553
41132
16569
49339
57533
189
57534
49350
49358
208
209
41170
16595
32979
16598
32982
32983
49373
32990
32992
41192
49389
49390
8432
33012
33013
49398
33015
41208
33017
41209
8441
49404
49405
49406
33030
41224
41225
16649
41227
33038
41231
41232
49424
41233
41234
57620
41236
41237
57622
41238
41239
41240
57624
41241
41242
57629
41246
57630
41247
49439
57632
41248
49441
33059
33064
33065
33066
33073
33074
41277
57663
33088
41281
57666
41288
41289
41290
41291
331
332
33101
335
338
49499
16737
57700
57701
33126
57702
57710
57711
49520
49526
16758
57722
49531
57724
57725
57726
49534
49536
57731
57732
57735
57737
49545
57738
33167
57746
57747
57750
41368
41369
33184
41381
16806
33193
41386
33195
33198
33199
33200
33201
33202
33203
33204
49590
41400
41405
41406
33216
41411
41412
33221
41414
57801
33229
57811
49621
57834
496
49650
41458
49651
41460
49652
41461
49653
49654
49655
57848
49656
41465
49657
41466
49658
49659
49660
49661
49662
49663
16896
49664
16897
49665
41474
49666
49668
49669
49670
49671
41480
49672
33294
57871
33295
41491
49683
41492
41494
41495
57879
49688
49690
49691
49692
49693
49694
49695
49696
49698
49699
49700
41508
49701
49702
41511
49703
49704
33321
49705
33322
49706
49707
49708
49709
41517
33326
41520
57904
41521
57906
57908
57910
41532
41533
49727
49728
41537
41539
57923
57924
41540
57925
41541
57927
49738
41546
57931
41549
57933
41550
33360
33361
33362
49747
49749
49750
41567
49759
49760
57952
49761
57953
41569
49762
57954
57955
57956
57957
49766
57958
57960
41578
41579
41582
41583
57968
41584
57971
57972
57973
57974
41592
33402
33403
57980
33407
57984
640
57989
41607
57991
41608
49803
57996
57997
57998
57999
58001
41618
58002
41619
58003
41620
58004
41621
49813
58005
41622
58008
17049
58009
41625
58010
58011
17051
58012
58013
8862
58014
58015
58016
58019
58023
17073
8883
49844
41653
33462
49846
41654
49847
41656
49849
41658
17083
49852
33470
8896
33476
33477
33478
17098
33487
49871
41681
58066
58067
58068
17109
17110
17111
17112
17113
17114
17115
17116
17117
17118
49887
49889
49890
58087
58094
58095
58096
58097
33522
58098
33523
58099
58100
58101
58102
49911
58103
33527
41719
49912
58104
58105
58106
33531
33532
33533
58109
33534
58110
33535
58112
58113
58114
58115
58116
58117
58118
58119
58120
58121
58123
58124
58125
58126
49935
58127
58129
49937
49939
58131
58133
49941
49942
58134
58136
58137
33562
49946
58138
33563
58139
33564
49948
58140
33565
58141
17182
58142
58144
58145
17186
58146
17187
58147
17188
58148
17189
58149
17190
49958
49960
49964
58157
49966
58159
49972
58164
58165
58166
58167
9015
41787
9021
58173
17214
17215
58175
17216
58176
17219
49991
58187
58188
41804
49997
49998
58190
58191
49999
58192
50006
50008
58206
50016
58208
58209
865
58212
9061
58214
58215
58216
58217
58218
58219
58220
50031
58224
58225
50033
17266
58226
50034
58227
58228
885
58230
58231
58233
58235
41852
50045
58237
58238
58240
58241
58242
899
58243
900
58244
50053
50054
58247
41863
50056
41864
58251
58253
58254
58255
41872
58256
58257
58258
58260
58263
58267
58274
50083
58275
58276
50085
58277
58278
58280
58281
50090
58282
58283
58284
58285
58286
50095
58287
58288
50097
50098
58290
50099
58291
58292
58293
58294
58295
58296
50108
58300
58301
58302
50111
58303
58304
58305
58306
58308
58309
58311
58313
58314
50122
58315
50124
58316
17357
58317
17358
58318
17359
58319
17360
17361
58321
58322
17363
17364
58324
58325
58326
58327
17368
58328
17369
58329
58330
17371
58331
17372
58332
17373
58333
17374
41950
990
17375
58335
17376
58336
17377
58337
58338
58339
58340
58341
58342
58343
58344
41960
50153
17386
58347
50155
58348
50156
50157
41966
41967
58351
50161
58354
58357
58360
58362
58365
58366
58368
50178
58370
58371
41988
50180
50181
50182
50183
50184
50185
9225
50188
50189
58381
58383
58384
58386
50195
58387
58388
58389
58390
58391
58392
58393
58394
58395
58396
50206
58398
58399
58400
58401
58402
58403
58404
58405
1062
58406
58407
58408
58409
50219
58411
58412
58413
58414
58415
58416
9266
58419
50227
58420
58421
58422
42038
42039
58423
42044
42045
58430
42047
58431
50242
58434
50243
50246
58458
58459
58460
50270
58463
1125
42091
42095
42096
50288
42097
42098
50291
42099
42100
50296
50297
42107
50300
50301
50302
50303
50305
50306
58499
9350
50318
58511
58513
50322
58516
42133
58517
50325
50326
9368
50329
58522
58525
42142
58527
58528
58534
58535
58536
17578
17583
17589
17591
58551
58553
50363
17596
42173
17600
58565
58567
50375
58568
58569
50378
58571
50379
58572
17613
58573
50381
58574
58575
17616
58576
17617
50385
58577
17618
50386
58578
50387
58579
17620
58580
17621
58581
17622
58582
50390
17623
58583
17624
58584
50393
58585
58586
17626
17627
50395
58587
50396
58588
50397
17630
17631
17632
42210
17635
42211
17636
42212
17637
42213
42215
17642
17643
58603
58604
17645
50413
58605
17646
58606
58608
58609
58610
58626
42247
42248
58632
58633
58634
58635
58636
58639
58640
42257
58641
50454
58648
42265
58658
42275
58659
58660
17702
17703
50473
50474
9532
58685
58691
58692
9542
42310
58696
1352
1353
58697
1354
58700
42317
42318
58702
42319
50512
58705
50516
50517
58711
50520
58713
58714
50526
50527
58719
58728
17769
50537
58737
50546
58738
50547
50548
58745
50554
58749
58750
58751
58754
58755
50566
50567
58771
58772
1434
50587
50588
50589
58781
50590
50591
50592
50593
50594
50595
50596
50597
42405
50598
58790
50599
58791
50600
50601
50602
58794
50603
50604
58796
50605
58797
50606
50607
50608
50609
50610
50614
50618
50620
50621
58818
58819
58820
1478
58824
50634
50635
50636
50637
50639
58839
58853
58854
58857
58859
42481
17910
42486
42487
17911
42488
17914
17916
17917
17918
17919
17920
17921
17922
58882
58883
17924
17925
58885
17926
58886
17927
17928
58891
17932
17933
58893
17934
17935
17936
58896
50706
50707
58899
50708
1556
50709
50710
50712
58906
50717
50718
50719
50720
50722
50723
50724
50725
50726
9767
58920
58921
58922
58927
9777
9778
9779
9780
58932
9781
50741
9782
50743
9785
9786
50746
17978
9787
17980
58940
17981
17982
17983
50752
58945
9797
17990
50761
50763
58956
58958
58959
18002
50771
50773
50775
18007
50776
50777
50782
50785
58978
50788
50789
50791
50792
58984
50793
58987
58988
58989
50798
58990
50800
50802
58998
50807
34423
58999
50808
42617
50809
50810
50811
50812
59005
50814
50815
34431
50816
59008
34432
59010
42626
42633
59019
50827
59021
59032
59033
59034
59035
18078
18080
18081
59041
34472
59048
50856
34473
50859
34484
50870
59065
34490
34491
34492
59078
59081
59082
59083
59086
59098
34524
34534
50934
50935
50936
13371340
59136
59137
59139
34564
59149
59150
13371359
50964
50965
50966
50967
13371348
13371346
59166
13371347
34594
34596
34597
59173
34599
34600
1834
59179
13371360
34604
13371361
34605
34607
59183
59188
59190
59191
59192
59194
34619
59198
59200
34625
59201
34626
59202
34630
51025
10065
34643
34649
51033
1881
59227
34652
59229
59230
34660
59236
34661
10085
59237
59239
59240
10094
59247
10101
59261
59262
10120
34698
34699
59275
10124
34703
59283
34712
59289
34715
34716
34717
51102
59295
34719
34727
34728
34730
34735
34736
34739
34740
34741
34743
34744
59326
34752
10177
51139
34759
34762
34763
34764
34765
34767
34768
34773
34774
34775
34776
34777
59353
34779
34780
34781
34782
34783
59359
34785
59362
34787
34788
34789
34791
34793
59370
34794
34795
51180
34797
51181
51182
59375
59377
34802
59378
34807
34809
59385
34811
43004
59388
34813
59390
34815
34817
59393
51201
34818
59394
34819
59395
43011
59396
59397
34827
59403
34832
59409
34836
59415
59418
59420
59427
59431
51242
59435
34869
59445
34870
2102
2103
34872
34873
34876
59452
34878
34879
59455
34880
10315
34892
34893
59470
34895
59471
59472
59486
59499
51308
34924
59509
43137
59528
59529
59532
59541
34968
59545
59547
59548
59550
59553
59560
59566
59567
59571
35002
35004
35005
59581
59587
43204
59597
59598
35023
59600
35026
35027
35028
59611
35037
43230
59619
35044
59620
35047
43239
59629
43256
43257
43259
43263
43264
59648
43266
43267
43276
43277
43278
43279
43280
43281
43282
43285
43286
43287
43288
43289
43290
43292
43293
43294
43304
59700
43327
43331
43337
43339
43340
59724
59729
59730
59731
59737
59739
59740
59742
10594
59749
59752
59753
59757
59758
59760
43385
59775
59776
51587
51589
51590
51591
51592
51593
51595
51596
51597
51600
51601
51602
51603
51604
51610
51612
51632
43448
43449
43450
10684
51653
51654
51655
51656
51657
51658
43466
51659
59851
59852
43471
51664
51665
51673
51674
59866
27099
59867
27100
59868
27101
59869
27102
27103
59871
27104
59872
59873
27106
59874
27107
59875
59876
27109
59877
27110
59878
27111
59879
27112
59880
27113
59881
51689
51690
27114
59882
27115
59883
27116
59886
59887
43504
27121
43507
27123
51699
27124
27125
59893
27126
43510
59894
27127
59895
27128
43513
27129
59897
27130
43515
27131
59899
27132
59900
27134
27135
27136
59904
27137
59905
27138
59906
27139
59907
27140
27141
27142
27143
27144
27145
59915
59916
59918
59920
27154
51732
51743
51744
51745
27172
51751
27176
27178
43568
51761
27188
43574
27191
27192
27193
27194
43578
27196
27197
27198
27205
27206
27207
27208
19017
19028
19029
19030
19031
27223
19032
19033
19035
27229
27230
27237
27238
27241
27248
51830
43638
51831
27255
27256
43640
51832
27257
43641
51833
19066
27259
27260
43644
27262
43654
43656
43658
43659
27279
51855
27280
43664
27281
43665
27282
43666
27283
51859
43676
27293
43677
43680
51876
43693
51887
43696
19122
51891
43699
43700
43702
43704
27321
19132
27326
19134
43711
43713
43715
43721
19147
43725
51917
51918
19151
60111
43727
51919
60112
60113
60114
51922
60116
19157
19158
60118
51926
19159
51927
60120
60121
51929
43738
60122
43740
51932
43741
60127
43743
43744
43745
43746
43747
43748
60133
60134
43751
60135
43752
60138
60139
60141
60148
27380
43768
60152
19194
19195
43771
19196
19197
43773
19198
43774
19199
60159
19200
60160
60161
19201
19203
60163
19204
60164
19205
60165
19206
60166
60167
60169
60170
60171
60173
51982
27410
43796
60183
60184
51992
19225
60185
19226
19228
19229
19230
19231
19232
19233
19234
19235
27433
52009
52010
43819
52015
60214
60218
60220
27479
27481
27482
27483
27484
60263
60264
60266
52088
27515
27517
27525
27528
52110
60303
60305
43922
11160
27545
11161
27547
27548
27549
27550
27551
27552
60324
60325
27558
60326
52134
27559
60327
52135
27560
60334
27567
27568
43958
60352
52161
60353
60354
60355
52164
60356
60357
60365
60367
60371
60373
60378
60390
60391
60395
60396
44012
60400
60404
44020
60410
60411
60412
60413
27650
27651
44035
27652
60420
27653
27655
27656
27659
27661
27662
60431
27664
60432
60433
60434
60435
35860
27671
27673
60444
60446
35872
27681
27685
35878
27687
27689
35882
27691
19500
35885
27693
19501
19502
27695
27696
19504
27697
60466
19506
60467
35894
19511
35897
60474
19514
60477
60478
27711
27712
27715
27716
27717
11337
60492
60499
44123
60507
44124
60508
60513
60519
19560
60520
60521
44140
27758
44145
27761
60529
44146
27765
44149
27768
27770
27772
27774
44160
44161
44162
27781
60549
44166
27782
27784
44171
52366
52367
27794
27795
19605
35998
27806
27807
60575
60577
36003
60584
27817
19627
19628
19629
19630
27822
19631
27823
19632
27824
52400
19633
52401
19634
19635
19636
19637
19638
19639
19640
19641
19644
19645
60610
60611
3272
60619
44240
52432
3281
60630
60635
3291
3292
11485
11487
52447
11488
19690
19695
19696
19697
44274
3317
19704
19707
19708
60668
19709
11519
19711
44288
19712
44289
52481
44290
44291
52483
44292
44293
19718
19719
19720
44296
19721
44297
44298
52490
44300
52492
36110
52494
52497
52498
52500
44309
52501
52503
19736
19745
52515
52517
52523
52524
52525
36142
52528
52529
52532
52534
52535
52536
44345
52538
52539
52541
19774
19775
52543
19776
52544
19777
52545
19778
52546
19780
27974
19783
19784
52553
36171
19791
52559
19792
36188
36194
19816
19817
19818
19820
36207
36214
60793
60799
36228
28036
28037
28038
11657
11658
60812
44432
44435
36243
44439
44440
44441
44461
36271
44471
36279
44472
36284
44486
52679
52680
28105
44490
44491
36299
36300
44492
36301
44493
44494
28110
44495
44496
44497
44498
52690
19923
52691
52692
52693
19926
52694
52696
19930
19932
44508
44509
52701
52702
11743
52703
60897
52706
36323
36324
36325
36331
52717
52718
60910
36335
52719
60911
52720
52721
28148
52725
28151
36344
28154
52731
36353
36359
19976
19977
28170
19978
36362
60938
28171
44555
19979
36363
52748
28173
52749
28174
28175
36370
28179
28180
52757
28182
44568
36381
36385
36388
36389
52773
52774
52775
28200
36392
28201
36393
36394
28203
36395
52779
44588
28205
36397
52781
36398
28206
28207
52783
28214
28215
20023
20024
20025
28217
20026
28218
28219
28220
52801
20035
20036
52804
28229
20037
52805
28230
52806
28232
52808
28233
52809
44618
44619
28236
44620
28237
52813
28238
28239
28240
28243
28246
28247
61015
28248
28250
28251
28252
52830
61023
52835
61029
61030
44651
36460
44652
44653
44654
44655
44656
3702
3703
44670
52863
28289
44681
44682
20108
28303
52880
28304
20112
44689
52881
20113
36498
52882
36500
44692
36501
36502
36503
36504
28313
36507
28315
28316
36509
36510
36511
36512
36514
36515
28330
28331
28332
28333
36527
36534
36536
36537
36538
36545
36549
36550
36551
36553
36554
36557
36558
36559
3794
61140
36565
61141
61142
61143
36568
36569
36570
36571
52956
36573
36575
52961
700139
61153
52962
52963
61155
61156
61157
36582
61161
44779
44780
61165
61166
44783
52977
61170
52981
20213
44790
20214
12023
52983
52984
61180
61181
52990
61182
61183
61184
61185
61189
61190
52999
61191
12040
53000
61192
12041
12042
12043
61195
61196
53005
61200
700187
53010
36627
53013
44822
61206
700189
44823
61207
53018
53020
53021
53022
53023
53024
53025
53026
61218
53027
44835
61219
53028
53029
53030
53031
61223
36648
53032
61224
53033
61225
53035
44847
53039
53040
3888
53041
61233
61240
53049
53050
53052
53053
53054
53055
36671
61247
53056
61248
61249
700232
61255
53067
700230
700231
53069
53070
53071
61263
53072
53073
12118
53080
53082
53083
53084
20316
53087
53088
53091
53092
53095
36711
3944
3945
61290
61292
61293
61294
61295
20338
3954
20340
61300
20341
20342
20343
20344
53114
53116
53117
53118
53119
53120
53122
53123
20357
53125
53126
61318
20362
3984
3986
53143
20375
53144
53145
53146
53147
53148
53149
53150
36768
36769
53155
53156
61348
53157
53158
53159
53160
53161
61353
53162
61354
61355
44974
4015
61365
61366
53175
53176
61370
53179
53180
53181
12221
53182
20415
20416
12224
61376
36801
36802
36803
36806
20424
45001
20428
20429
20430
20432
12240
45011
53204
36826
45018
36827
45019
20443
53212
36828
36829
20445
36830
20446
20449
61409
53219
45027
20452
700398
53221
61413
20454
61415
20456
53225
20457
61418
45035
53227
36843
45036
53228
45037
20461
53230
53231
61427
20468
45044
53237
61429
61431
20473
61435
53245
61437
45055
61439
61440
53250
61443
61444
20485
61448
61451
61452
20497
20498
20499
61459
20500
20501
20502
20503
20504
45080
20505
61466
61467
20508
45085
45086
53280
53282
36900
61486
53310
53313
700494
36934
36935
36937
36939
53324
45132
53325
45133
53326
45135
45136
45137
45138
45139
45140
53332
45141
53334
45142
53335
45143
53336
45144
53337
53338
53339
53340
53341
53342
53343
53344
20577
53347
53348
53349
53351
45160
53352
45161
45162
45164
61558
53366
53367
36985
118907
61563
61564
45182
45183
45184
45185
45188
61573
53382
45190
118919
118918
45191
37000
53387
45197
45198
45199
61584
53394
53395
37013
45205
53399
61591
37016
45208
61592
53403
20635
61595
20636
20637
37021
53405
53406
45214
53407
53408
20640
45216
37024
45217
53410
20642
37026
53412
37028
53413
53415
37031
61607
37032
53416
53417
37034
53419
53420
37036
4269
53421
53422
45230
53423
53424
53425
53427
53428
53429
53430
53431
53433
53434
53437
53438
61631
53439
61633
53442
37058
700617
53444
53445
20682
37066
20683
61643
20684
53452
45261
53453
45262
53456
20688
45265
53457
700635
45266
53461
53462
53463
53464
53465
53466
53467
20701
53473
700648
53474
45283
53476
37097
53484
53485
53486
53487
37104
53488
53489
53490
53491
20724
37108
37110
53494
53495
53498
53499
53500
37118
53502
700661
61695
61696
37121
61697
61698
53507
61699
53508
53509
45318
53510
45319
53511
61703
53512
53513
37129
45322
53514
61706
53515
61707
45324
53516
61708
45325
53517
53518
20750
53519
45327
45328
53520
45329
53521
45330
53522
53523
45331
45334
61719
61720
53530
61722
45339
53531
53532
61725
53534
45343
53535
45346
20773
53544
45352
45353
53547
53548
37164
37167
53552
45360
45361
20787
45363
45364
61748
45365
61749
45366
4407
37177
4409
37179
45373
53568
45381
45382
45384
45385
29002
45391
45392
29011
45396
29012
29013
29014
45398
45399
29017
29018
29019
29020
61789
20833
61793
29027
61797
53605
4454
61799
29032
61800
700771
20850
700799
29046
61814
20867
20868
20870
29064
61832
20873
29065
45449
20874
45450
61834
29067
29068
37260
29069
45453
29070
45454
29071
45455
29072
45456
45457
61841
53649
29074
45458
29075
37268
45461
45462
61846
45463
45464
29082
61850
29083
29084
45468
61852
29085
53661
29086
29087
53663
29088
61856
29089
61857
29090
29091
61859
29092
29093
45477
29094
61862
29095
29096
45481
61866
45484
61869
45487
61872
61873
61875
45492
61876
29109
45493
61877
29110
29111
29112
61880
20921
29113
29114
20922
61882
29115
20923
61883
20924
61884
20925
61886
29119
29120
29124
29126
700877
61902
53710
61903
61904
61905
61906
61907
61908
61909
45526
61910
61911
61913
61918
61919
61920
61921
61922
61924
61925
61926
61927
61928
45547
61932
61933
61935
29168
53744
29169
29170
61938
61939
29172
29173
61941
45557
53750
45558
61944
45566
61953
29186
61954
61955
29187
61956
45573
61957
53766
53767
61959
29191
53768
61960
53769
53770
53772
53773
53774
29199
53776
53777
53778
45586
53779
61971
45592
45594
29211
45598
29218
29219
45605
61989
45606
61990
61991
29224
61992
61993
45610
37420
700967
29232
29233
62001
29234
37426
62002
29235
62003
29236
37428
53812
29237
62005
29238
29239
62007
29240
29241
37433
62010
29242
29243
53819
62014
62016
37441
37442
37443
53827
37444
53828
37445
53829
45637
37446
53830
62022
37447
53831
45639
62024
4680
37449
37450
62027
62028
62030
62031
53840
62037
701011
62042
62043
62044
4706
62057
29293
29295
45679
53872
701049
62070
37497
53887
53888
45696
37505
701070
37510
29321
53898
62093
29325
53902
29326
53903
53904
53906
53907
53908
53913
45724
62109
53918
53919
62111
701098
62112
701099
701096
29346
701097
701102
62116
62117
701100
29350
701101
29351
29353
62122
701093
701115
53937
701118
53940
701116
701117
45757
53949
53950
45761
701129
29379
13001
701120
53962
701121
29387
62155
62156
53968
29392
53969
701147
53970
53971
21203
45780
701150
53972
21204
701151
53973
29397
701148
53974
29398
701149
53975
53976
53977
4826
29402
29403
45788
29404
701140
29406
62174
45792
62176
62177
45794
62178
701160
701167
45799
62183
62184
45801
701155
21226
701152
21227
53995
701159
53998
21231
53999
62191
21234
54002
21235
29428
54008
62200
62201
62202
701169
54011
62203
62204
62205
701175
54014
54016
54017
21259
701185
21260
62220
21261
45837
62221
45838
21262
45840
21264
62224
21265
62225
21266
62227
29460
29463
29471
13093
13094
62246
13095
13096
13098
13099
13101
13102
13103
29488
13104
29489
13105
4913
13107
13108
21303
21306
37691
37693
37694
62274
45892
62279
62280
62281
62282
54091
62283
62284
54094
62287
45904
62288
62289
29533
29534
62312
45935
29552
62320
45938
62322
62324
54133
62325
54134
54135
54136
37753
54137
54139
701297
62334
62335
62336
62338
54150
54153
21386
54154
54156
54157
54158
54160
45968
62352
45969
62353
54162
45970
54165
45973
45974
45975
45976
62360
21401
45977
62362
45978
45979
54172
54173
54174
54177
13217
54179
21412
54181
62373
54182
62374
29607
54187
54188
54191
62384
62385
62386
54195
54196
46004
62388
62390
62391
701360
62397
46014
62399
62400
46016
62401
46017
29636
29637
46021
21445
54215
62407
54216
62408
54218
54219
54220
62412
54221
46029
54222
46030
62414
54223
46031
62415
54224
46032
62416
54225
46033
46034
54226
46035
54227
62419
54228
62423
62425
62426
62428
62429
54239
62432
46053
21478
21479
46055
54249
21484
46063
62448
46066
13303
62455
46072
62456
46074
62458
62459
62461
46084
46085
46086
46088
46090
46093
46096
46097
46098
46099
62484
62485
46104
46105
54299
54300
46109
54302
46110
54303
54304
62496
54306
21539
54307
46115
46116
54308
62500
54309
54310
54312
54313
54314
54315
62507
300079
54316
54317
701476
54319
54320
300084
54321
62513
62514
46130
21555
54323
300080
62517
300081
21558
46134
300082
300083
21560
21561
62521
46138
300094
46139
300095
62527
21567
46144
62528
300100
46145
46146
54338
300102
54340
300096
54341
300097
54342
300098
54343
300099
46153
62539
21580
21582
46158
46160
21584
54352
54353
54354
46163
54355
46164
46165
46166
54358
21593
54362
21594
21595
54363
21596
54367
62559
54369
21602
54370
54371
54372
21604
21605
54373
21606
21607
54375
21608
54376
300140
13419
62571
13420
54382
300139
300149
62580
300145
54390
13430
54391
300147
21626
54394
54395
54398
21631
54399
54402
300166
21636
21637
21638
21639
54407
54409
54410
54413
54419
21653
54422
54425
54427
54429
300187
21665
46242
21666
21667
46243
46244
46246
46247
21671
46248
54440
46249
46250
46251
21675
54445
46254
21679
54451
38068
701630
38069
38070
21686
38071
54455
54456
54460
21694
46275
701638
701636
701637
21711
21712
54482
54483
54484
54486
54491
46306
54499
38129
54519
701680
21755
54523
62718
62719
54527
62720
54528
62721
54529
62722
62723
62724
62725
62727
62730
46347
62732
62733
54542
701700
62734
62735
46352
54545
62737
21779
46356
46357
54550
46358
62745
62746
62748
62751
21792
62752
21793
62753
21801
38185
21805
21806
21807
21808
300340
21809
54577
21817
38202
21820
46398
38206
38207
46399
38208
62785
300358
21827
62788
300354
300355
54599
54600
13645
38222
46414
46415
13647
13648
46416
701785
54611
30039
30040
30041
62810
30043
54619
30044
701782
54621
30048
30049
54629
30054
300387
701792
13676
300392
13677
54639
30064
701818
54640
13680
30065
54641
701816
54642
30067
13683
54643
13684
54644
62836
701814
701813
54655
30080
54657
300422
300423
30084
13701
54661
13702
21894
62855
300428
13705
300429
62857
13706
13707
54667
21899
13708
300424
300425
62861
300426
30095
300427
30096
62864
701851
62866
300438
30099
701849
62867
62868
38293
701855
701853
62873
300443
13728
701864
300454
13732
54694
701859
701856
300462
300463
701863
38318
300458
300459
30128
54704
46516
46517
21943
46519
46520
30139
38332
54717
30143
30144
13764
13765
13766
13767
13768
300492
38358
62934
46551
38360
46552
38361
46553
38363
54747
300511
30172
54748
62940
38365
54749
62942
62943
38368
300516
30177
701934
300513
300514
300515
38376
21994
21996
21997
54766
701946
38384
62962
62963
22003
54772
701950
62964
62965
46582
701949
46583
46584
701939
62969
62970
46587
62971
46588
62972
701943
46589
62973
62974
701962
13825
701960
62980
54790
54796
701959
54797
300553
22031
46608
62993
46614
63000
30234
30235
63003
63004
13853
54814
54815
54816
63009
46627
701993
701999
46629
54822
54823
54824
30248
701986
54825
300590
30251
300591
30252
701990
30253
701991
701988
54831
300587
702010
702011
63026
702003
46650
702000
702001
702007
54847
54848
702027
54849
54850
63042
702025
63044
702031
702028
702018
300620
702019
300622
38475
63051
300623
63052
300616
38477
300618
702042
38482
702040
702041
300624
63061
702034
30296
30297
702035
702033
30300
30301
702039
702036
22110
38495
22111
702037
13919
702058
38497
54882
63075
702062
63076
30309
38501
63077
300652
300653
300654
300655
63084
38509
22125
300650
702053
38511
300651
63088
300656
702079
38517
63093
702076
63094
63096
30330
702064
38522
63098
38523
300666
54911
63103
63104
300677
63108
63112
63113
702083
702080
63114
30348
63116
46733
54925
30350
54926
54927
54928
54929
702107
702110
22166
38553
46746
46747
63131
46748
38557
22173
63133
63134
63135
702123
63137
22178
22179
702121
63139
22180
22181
63143
63144
54955
13997
13998
46766
300724
300725
300727
22197
63157
63158
63159
38586
300728
30398
54977
54978
54979
54980
63172
54981
54982
63174
54983
54984
54985
702147
300751
54987
54988
54989
54990
63182
702148
54991
702149
54992
63184
300757
54993
54995
38611
63187
54996
38612
63188
54998
38614
54999
300764
55000
55001
46810
63194
63195
14045
38622
14046
55006
63198
38623
63199
38624
14048
63200
55008
38625
14049
63201
22241
702184
55010
14052
63204
14053
63206
63209
63210
702176
63212
55022
55023
63215
14064
55024
63216
63217
55026
55027
63219
63220
63221
55030
63222
63224
14073
63225
22265
14074
55034
63226
63227
22267
14076
55036
22268
55037
55038
63230
55039
30464
55040
30467
30468
300801
300802
30475
46861
46865
63249
55059
30484
30485
300818
30486
30487
30488
30489
30492
30493
63263
22305
55076
55077
55078
55080
55082
55083
55084
30519
300861
300862
300856
300857
38717
300858
14142
22334
300859
30530
300871
38726
300867
38728
300877
55114
300872
38732
300873
300874
55118
300875
55119
702277
63312
46928
300885
55121
38737
63313
55122
63315
63316
63317
63318
63320
14173
46944
30562
38754
300896
300899
46952
300909
46953
46955
46956
46957
46958
46960
63345
300912
55158
46966
55160
55161
55163
46974
300935
46980
46981
63365
55173
300931
63367
55175
300940
63368
63369
300942
22410
63372
63374
300939
63375
300948
300949
300950
300944
55188
300945
300958
55195
63394
63395
55203
300960
300973
300974
300975
38830
22447
38832
55216
47024
47025
55217
38835
47027
55219
38836
55220
38837
55221
38838
55222
38839
55223
55224
300989
38841
55225
38842
38843
55228
38845
38846
14270
55230
38848
14272
55232
300997
38849
14273
300998
38850
300992
55237
38854
6086
300995
38855
301004
38856
301005
38857
301006
38858
38859
38860
301003
47056
301013
55250
55251
301009
55255
47067
63451
55260
301017
301018
301019
14303
47071
22495
55264
301029
38881
47073
38885
301027
22505
22506
55274
301039
22507
22508
22509
55277
22510
22511
22512
22513
301046
22514
22515
14323
301040
47092
22516
22517
30711
22519
55287
55288
55289
55290
22527
55296
55297
22529
55298
22531
55299
63491
47108
14340
301057
14341
22533
301058
14342
301059
14344
38920
301069
301070
14347
55308
14350
14351
14352
14353
47121
14354
14355
14356
63511
301084
301086
47131
301080
47132
55324
47134
47135
14367
14368
14369
14370
63522
14373
14374
14375
14376
301103
47148
47152
22577
38963
55348
63540
55349
55350
63542
55351
63543
55352
55353
55354
47166
63550
6207
63551
38976
63554
14403
63555
14404
63556
22599
38983
47177
55369
30794
63563
63564
63565
63566
47183
63567
63574
63575
14426
22619
14427
55390
63582
55391
55392
55393
47204
55397
55398
39014
63590
55400
55401
301167
22635
55404
55405
55409
55410
301168
55413
301170
22646
301171
22647
14458
30844
30845
55422
63619
22661
14472
55434
47242
301192
301193
301194
63632
39059
301201
63637
55449
30874
30875
30877
55455
30879
39075
39077
39078
47283
47284
30902
47286
47287
63674
39114
39126
39127
39128
39129
39130
39133
39134
39135
30946
30948
30949
63737
47355
47356
30975
30976
47360
30977
30978
47362
30979
30980
30982
30983
30985
30986
30987
30988
30989
63757
30990
55566
55567
30992
55568
55569
55570
30994
47379
55571
30996
55572
30997
47381
55574
30999
47383
47384
47385
55577
63770
63771
55579
63772
47390
55583
63781
63782
63784
55594
55595
63787
55596
63788
55597
63789
55600
63793
63794
63795
63798
63799
47423
55616
55617
47426
31043
47427
47428
31044
31045
47429
31046
47430
31047
31048
31049
31050
39242
31051
31052
31053
31055
31056
31057
31058
31060
39253
55639
47448
39256
63832
47449
63833
47450
55642
47451
63836
39261
63838
39265
47458
39266
47459
47460
39269
47462
47468
47469
47470
47471
47472
47473
47479
55671
39289
55675
31104
55680
39301
47495
39305
47498
63882
47500
39309
63886
63888
55697
47505
63889
55698
55699
55700
47509
63893
47510
55702
63894
55703
63895
55704
63896
55705
63897
55706
63898
55713
47522
55715
47523
55716
47524
47525
55717
47527
47528
47529
47531
47535
47539
55732
47541
47542
47543
47545
47546
47547
55742
47551
47553
63939
63940
47557
47559
47560
47561
47562
63948
47567
47571
63955
55769
55770
55771
55772
63964
55773
55774
55775
55776
47585
55777
47586
55778
47587
55779
55780
55781
47590
55782
55783
55784
55785
55786
55787
39403
55788
39404
55789
39405
55790
55791
23024
55792
23025
55793
23026
55794
23027
55795
55796
55797
55798
55799
55800
55801
55802
55803
55804
55805
55806
23038
55807
23039
31231
55808
55809
55810
55811
55812
55813
47625
47626
47627
47629
55823
55824
47636
55828
47637
39445
47638
47639
47641
47642
23070
64030
55843
55858
23092
23093
55861
23094
55862
55863
23097
55865
23098
23099
23100
23101
23102
23103
23104
39488
23105
39489
23107
23108
23109
23110
23111
23112
39496
23113
55881
55882
55883
23115
55884
23116
55887
31312
55888
31316
23125
31317
23126
31318
23129
23130
23131
23135
23136
55904
55905
23138
47716
23140
55908
23141
23142
23143
31336
47723
39542
39546
39547
39548
39550
39551
23170
55943
55946
55947
55949
23182
23183
23184
23185
23186
23187
23188
55956
23189
47765
23190
47767
23192
23193
23194
23195
23196
47772
47774
23198
47775
31391
55967
47776
31392
31397
55973
23212
47788
47789
23214
39600
39601
39602
39603
23221
39605
47797
39606
47798
23223
39607
47799
39608
39609
23227
55999
56001
39618
56002
39621
39622
39625
39626
39627
23247
39631
23248
23249
39634
39635
64212
39636
64213
64214
23254
23255
39639
39640
39641
39643
56027
39644
31454
39648
56032
56033
31457
39650
56034
23267
39651
23268
39652
56036
31460
31461
23270
56038
23271
23272
39656
23273
39657
39658
23274
56042
23275
23276
23277
23280
64241
64244
56052
47861
23286
56055
23288
56056
15096
39672
56057
15097
56060
56061
56062
56063
56064
56065
56066
56068
56069
56070
56073
23306
56074
23307
56075
56076
23309
56077
39694
56078
56079
31503
64273
64276
23317
56085
15125
23318
15126
56087
56089
56090
23323
56091
64284
56092
23325
56093
23326
56094
56095
15143
56107
56108
56109
56110
56111
31536
56112
31537
56113
31538
56114
31539
31540
31541
47926
64313
64314
64316
56126
56127
56128
56129
64322
56130
64323
64324
56135
56136
39753
56137
56138
56139
15179
56140
56141
56142
56143
15183
56144
64338
56149
39767
56153
39773
56157
7006
31585
56161
31586
56162
56163
56164
23397
56165
39782
56166
39783
23399
56167
23400
56168
39785
56169
56170
23403
47982
39791
47984
56177
39797
31605
39798
31607
56184
56185
31610
31612
31614
39806
7039
39807
56193
31618
56194
31623
31624
31625
31626
48010
31627
31632
56208
31634
56212
64405
56213
7065
31650
31651
31652
31656
56232
48040
31657
56233
48042
31659
31661
56241
56242
56244
31670
39862
56253
39871
48064
39876
56260
39886
7118
56272
56273
56278
56279
56280
56281
48094
31712
31713
31714
31717
39909
23529
23530
23531
23532
23533
23534
56302
23535
56303
23536
31728
56304
56305
23543
23544
56314
31741
31742
23550
7166
23551
31745
23553
23554
23556
23557
56325
31749
23558
31750
23559
23560
15369
31754
31755
31757
31758
31759
31760
31761
56338
56340
56341
31769
31770
56347
56348
31774
31775
23583
31776
39969
31777
31778
31779
56355
31780
56357
7206
56360
23596
23598
23599
23600
23601
23602
23603
23604
23605
23606
23607
39996
56381
56387
23620
23621
56394
23629
56397
56398
56399
23632
56400
56405
40034
40038
56422
56423
40039
56424
40040
56425
56426
31851
56427
56428
56429
56430
56431
23664
40048
56432
23668
56436
40053
48245
56437
40054
48246
56438
40055
56439
40057
48250
56442
48251
48252
48253
48254
48255
48256
48257
48258
15490
48259
40069
31878
31880
31881
15501
15502
31887
40079
40081
15505
40083
48280
40090
56475
40093
56477
40095
56481
40098
23715
31909
40101
56486
40102
15526
40103
31911
15527
15528
31913
40105
56490
15531
56491
31920
56496
23731
56499
23732
31925
15542
31926
40124
23741
40125
40126
23744
23746
23748
23749
23750
40134
23751
23752
23753
23754
23755
23756
40140
23757
23758
23759
31951
23760
23761
23762
23764
23765
23766
31959
23767
23768
23769
23770
23771
48349
23774
23776
23777
23778
31974
7398
7399
48359
48361
7401
23789
7408
31988
56565
56567
23805
31998
23806
56579
56580
40197
40200
32008
15624
40201
40202
40203
40204
40206
23822
40207
23830
40214
40215
23832
56600
23834
32026
23835
15644
32032
56614
32043
32044
32045
48436
56634
40250
48446
48447
40259
7494
40262
7496
56656
23891
56660
23892
32085
23893
23894
40278
23895
40282
56668
23901
56669
23902
56671
48484
56676
32101
23909
40295
23913
32106
23914
40300
40301
40305
48498
32114
48499
40307
48500
40308
48501
23925
40309
56694
48503
56695
23928
56696
23929
48506
32123
48507
56699
32124
56700
32125
32130
32131
48515
32132
32133
32134
56710
32135
7559
56713
32137
7561
32138
7565
48530
40340
48532
40341
40342
32154
7580
7583
40351
15783
48557
48558
15791
23983
48559
23984
15793
15795
56755
23990
23991
23995
23996
23997
23998
48579
24009
48585
24011
24012
40397
40398
15830
40407
24023
15831
15832
56793
56794
56798
48607
56800
24033
24035
56804
32228
24037
24038
24039
7656
56808
24040
24047
24048
24049
24050
24051
48628
56820
56821
56822
40439
56823
32249
56825
32251
40443
56834
48642
56835
56836
24069
40456
56840
40457
40458
32267
32268
24077
40463
24083
40468
48660
40472
32284
24094
40482
7715
7716
40485
7717
40490
7726
40495
40496
40497
32306
48692
48694
32310
32311
48695
48696
56891
56892
32319
24129
24132
56900
32325
24133
56901
24134
32326
24135
24136
56904
24137
24138
24139
56907
24140
56908
40524
24141
56909
24142
56912
56913
56914
32339
24148
40533
15957
15958
24151
56920
48729
48730
56922
15962
48731
48732
56924
56925
24159
56927
48742
56934
40551
24168
56939
40557
56941
40558
40559
40560
40561
40562
48755
7796
40564
56949
40566
7799
7800
40569
56954
40571
40572
32381
40573
32382
48766
40574
40575
40576
40577
40578
56962
40580
48774
48775
40583
40586
40587
40588
32401
32402
48786
32403
32404
24213
32405
32406
48795
48797
48801
48802
48803
48806
48807
48808
48809
48810
48811
48819
48820
48821
48822
48828
48830
16062
57023
32447
32449
48833
57026
32451
48835
57027
32452
32453
48838
57031
7880
48840
48841
7881
48842
16074
57035
16078
48849
48853
48854
48855
48856
48857
48864
48865
48866
57063
57068
48878
48879
16112
57072
16114
57074
16115
48883
16116
32500
48884
16117
16118
16122
32506
48891
16123
16124
16125
16126
32512
16128
16129
32521
7945
7946
40716
40717
48912
16146
48918
7960
48923
48927
32543
48928
57120
57121
57122
57124
57126
57127
40746
57133
16174
48950
57142
48951
40763
57150
32576
48961
48967
48971
48972
57164
48973
57168
40785
48977
48978
57171
48980
57172
48981
48983
57176
57177
57179
57180
8028
57181
57182
57183
57185
57186
57187
57188
57189
57195
49006
49007
49008
49009
49010
32627
49011
49012
32628
32629
49013
57205
49014
57206
32630
49015
57207
49016
57208
49017
57210
57212
57213
57223
57224
57225
49034
49035
40846
57232
57233
57234
16275
57235
57239
32664
57241
57244
32669
49053
49054
57249
32673
49061
57257
57258
57259
57260
57261
49072
40886
40888
40892
40897
40898
49095
40904
57308
32733
57309
16354
16356
40939
57324
57337
32765
57341
57343
